122 145 141 154 151 164 171 40 157 162 40 104 162 145 141 155 40 151 164 40 151 163 40 142 145 143 157 155 151 156 147 40 150 141 162 144 145 164
40 141 156 144 40 150 141 162 144 145 162 40 164 157 40 164 145 154 154
56 40 110 145 40 143 141 155 145 40 164 157 40 155 145 40 141 147 141 *
156 40 154 141 163 164 40 156 151 147 150 164 40 167 150 151 154 145 40
111 40 167 141 163 40 157 156 40 155 171 40 156 151 147 150 164 154 171
157 165 156 164 162 171 163 151 144 145 56 240 40 110 145 40 164 157 154
144 40 155 145 40 141 142 157 165 164 40 164 150 145 40 154 157 143 141
164 151 157 156 40 157 146 40 141 40 142 157 157 153 40 143 141 154 154 
145 144 40 164 150 145 40 113 162 157 156 157 162 151 165 155 56 40 123
141 151 144 40 164 150 141 164 40 122 151 143 150 164 157 146 145 156 40
156 145 145 144 163 40 164 157 40 141 143 161 165 151 162 145 40 151 164
40 151 146 40 167 145 40 141 162 145 40 145 166 145 162 40 147 157 151 
156 147 40 164 157 40 163 145 164 40 164 150 151 156 147 163 40 162 151
147 150 164 56 40 124 150 145 40 142 157 157 153 40 143 157 156 164 141
151 156 163 40 164 150 145 40 154 157 143 141 164 151 157 156 40 157 146
40 141 40 144 145 166 151 143 145 40 143 141 154 154 145 144 40 164 150
145 40 123 165 155 155 157 156 151 156 147 40 113 145 171 56 240 40 111
40 167 151 154 154 40 143 157 156 164 141 143 164 40 122 151 143 150 164
157 146 145 156 40 151 156 40 164 150 145 40 155 157 162 155 151 156 143
56 12