159, 75, 510 (4)
197, 683, 36 (2)
88, 44, 123 (5)
39, 156, 244 (5)
953, 89, 461, 743 (2)
593, 983, 193, 359 (2)
129, 183, 44 (4)
751, 887, 1021, 47, 157, 379 (2)
67, 661, 677 (2)
25, 4 (4 - including within another; 3) 
777, 190, 99, 16 (2, 3 if 7 was missed in beginning of other sequence)
182, 121, 82 (3)
79, 241, 523, 733 (2)
223, 992, 614, 422 (2)
18 (3)
191, 971, 433 (2)
137, 739, 599 (2)
167, 307, 367 (2)
577, 691, 227, 761 (2)
631, 317, 1013 (2)
607, 19, 349 (2)
239, 659, 151, 881 (1)
121, 185, 253, 115 (5)
613, 883, 541, 929 (1)
24, 77 (6)
510, 76, 478, 801 (5)
20, 52, 222 (4)
4, 458, 115 (2)
269, 443, 17 (2)
268, 312, 77 (4)
403, 238, 1020 (4)
70, 252, 250, 136 (2)
209, 75, 42 (4)
41, 233, 4, 68 (2)
13 (2)
457 (2 - in front of other number, 1)
14, 26, 801 (6)
37, 491 (2)
555, 98, 65 (3)
200, 64, 250 (3)
49 (3)
569, 271 (2)
521, 859, 11, 347 (2)
613, 883, 641, 929 (1)
311, 719 (2)
239, 559, 151, 881 (1)
9, 82, 205, 121 (6)
128, 42, 338, 78 (4)
116, 205 (3)
709, 997, 163, 253 (1)
29, 251, 977 (2)
43, 373, 653, 839 (2)
101, 853 (2)
209, 159, 72, 35, 6 (4)
353, 911 (2)
147, 203, 235 (3)
192, 222, 114, 254 (3)
757, 179, 941 (2)
97, 439, 727, 787 (1)
131, 293, 487, (2)
967, 1031, 73, 277, 571 (2)
509 (2)
283 (2)
601, 103, 313 (2)
109 (2)
5, 797, 421, 647 (1)
71, 863 (2)
331 (2)
113 (2 - in front of number, 1)
107 (2 - in front of number, 1)
503, 701, 877, 127, 479 (2)
608, 20, 174 (2 behind 107, 1)
23, 919 (1)
31, 467, 198, 314 (2)
829, 7, 449, 673 (1)
587, 769, 83, 229 (2)
3, 809, 419, 641 (1)
557, 821, 199, 389 (2)
401, 463, 827, 907 (2)
149 (2)
77, 190, 99, 16 (1, unless a 7 was missed in the beginning (likely), included above)
281, 431, 563, 991 (2)
61, 211, 397, 823, 1019 (1)
5, 707, 421, 647 (1)
3, 809, 419, 64 (1)
403, 228, 1020 (1)
547, 937, 257, 499 (1)
45, 76 (3)
2, 409, 643, 811 (2)
773, 173, 337 (2)
193, 222, 114, 254 (1)
140, 8, 12, 18 (1)
230, 369, 242 (2)
829, 449, 673 (1)
70, 252, 150, 136 (1)
53, 383 (2)
59 (2)
70 (2)
1009 (2)
92, 439, 727, 787 (1)
181 (1, 2 if comma was not included)
709, 997, 163, 263 (1)
107, 608, 20, 174 (1)
139, 617, 947 (2)
619, 857 (2)
457, 984, 182 (1)
984, 182 (1, 2 if 457, was included in front)
159, 75, 51 (1, unless included above if 0 was missed at end (likely))
113, 25, 4 (1)
61, 21, 397, 823, 1019 (1)
181 (1, 2 if comma forgot)
203, 238, 1020 (1)
44 (2)
647, 937, 257, 499 (1)