159, 75, 510
197, 683, 36
88, 44, 123
39, 156, 244
953, 89, 461, 743
593, 983, 193, 359
129, 183, 44
751, 887, 1021, 47, 157, 379
67, 661, 677
25, 4
777, 190, 99, 16
182, 121, 82
79, 241, 523, 733
223, 992, 614, 422
18
191, 971, 433
137, 739, 599
167, 307, 367
577, 691, 227, 761
631, 317, 1013
607, 19, 349
239, 659, 151, 881
121, 185, 253, 115
613, 883, 541, 929
24, 77
510, 76, 478, 801
20, 52, 222
4, 458, 115
269, 443, 17
268, 312, 77
403, 238, 1020
70, 252, 250, 136
209, 75, 42
41, 233, 4, 68
13,
457,
403, 238, 1020
14, 26, 801
37, 491
555, 98, 65
159, 75, 510
200, 64, 250
49
569, 271
88, 44, 123
593, 983, 193, 359
521, 859, 11, 347
613, 883, 641, 929
24, 77
311, 719
88, 44, 123
239, 559, 151, 881
9, 82, 205, 121
129, 183, 44
128, 42, 338, 78
9, 82, 205, 121
116, 205
709, 997, 163, 253
121, 185, 253, 115
29, 251, 977
9, 82, 205, 121
43, 373, 653, 839
101, 853
777, 190, 99, 16
14, 26, 801
209, 159, 72, 35, 6
353, 911
147, 203, 235
192, 222, 114, 254
191, 971, 433
403, 238, 1020
757, 179, 941
97, 439, 727, 787
131, 293, 487,
510, 76, 478, 801
121, 185, 253, 115
967, 1031, 73, 277, 571
509
283,
601, 103, 313
209, 75, 42
14, 26, 801
39, 156, 244
109
5, 797, 421, 647
39, 156, 244
71, 863
331, 
4, 458, 115
113, 
20, 52, 222
88, 44, 123
107,
03, 701, 877, 127, 479
39, 156, 244
608, 20, 174
9, 82, 205, 121
20, 52, 222
510, 76, 478, 801
128, 42, 338, 78
23, 919
31, 467, 198, 314
18
24, 77
829, 7, 449, 673
70, 252, 250, 136
209, 75, 42
601, 103, 313
587, 769, 83, 229
121, 185, 253, 115
128, 42, 338, 78
3, 809, 419, 641
14, 26, 801
159, 75, 510
557, 821, 199, 389
129, 183, 44
401, 463, 827, 907
268, 312, 77
149,
77, 190, 99, 16
281, 431, 563, 991
24, 77
61, 211, 397, 823, 1019
49
14, 26, 801
631, 317, 1013
5, 707, 421, 647
3, 809, 419, 64
331, 
283,
149,
503, 701, 877, 127, 479
403, 228, 1020
547, 937, 257, 499
45, 76
967, 1031, 73, 277, 571
268, 312, 77
509
2, 409, 643, 811
521, 859, 11, 347
773, 173, 337
510, 76, 478, 801
193, 222, 114, 254
140, 8, 12, 18
555, 98, 65
209, 159, 72, 35, 6
268, 312, 77
116, 205
128, 42, 338, 78
129, 183, 44
200, 64, 250
230, 369, 242
773, 173, 337
159, 75, 510
209, 159, 72, 35, 6
829, 449, 673
71, 863
510, 76, 478, 801
45, 76
9, 82, 205, 121
200, 64, 250
70, 252, 150, 136
24, 77
569, 271
53, 383,
59
70
43, 373, 653, 839
577, 691, 227, 761
116, 205
182, 121, 82
1009,
92, 439, 727, 787
587, 769, 83, 229
131, 293, 487,
140, 8, 12, 18
181,
23, 919
709, 997, 163, 263
70
137, 739, 599
353, 911
13,
20, 52, 222
167, 307, 367
281, 431, 563, 991
401, 463, 827, 907
107, 608, 20, 174
79, 241, 523, 733
37, 491
751, 887, 1021, 47, 157, 379
139, 617, 947
557, 821, 199, 389
101, 853
311, 719
953, 89, 461, 743
619, 857
757, 179, 941
53, 383, 
1009, 
457, 984, 182
109
984, 182
9, 82, 205, 121
159, 75, 51
197, 683, 36
59
182, 121, 82
192, 222, 114, 254
113, 25, 4
29, 251, 977
209, 75, 42
49
61, 21, 397, 823, 1019
31, 467, 198, 314
41, 233, 4, 68
269, 443, 17
121, 185, 253, 115
67, 661, 677
18
25, 4
223, 992, 614, 422
555, 98, 65
619, 857
607, 19, 349
181
14, 26, 801
45, 76
203, 238, 1020
147, 203, 235
39, 156, 244
139, 617, 947
44
147, 203, 235
44
88, 44, 123
403, 238, 1020
192, 222, 114, 254
230, 369, 242
25, 4
209, 159, 72, 35, 6
2, 409, 643, 811
647, 937, 257, 499
230, 369, 242
24, 77






















